0.000000000000000000e+00 -3.669279912958788637e-16 2.166109683228677524e-05 0.000000000000000000e+00 1.629017922844918151e-05
6.315233184476649164e+00 6.358963208951417201e+00 1.376847357381708381e+00 5.163033686197979893e-02 5.422571504964576183e-01
1.265713938262755178e+01 1.040329212597054287e+01 1.801782503592074036e+00 1.397580295778953208e-01 7.909985499970672018e-01
1.905281086893026909e+01 1.251307553151875496e+01 1.835299082074613342e+00 2.276759090825209442e-01 9.042017508633930500e-01
2.553019118452850122e+01 1.372312037166572019e+01 1.784843750479976121e+00 3.073814278726961224e-01 9.540097198086276986e-01
3.211853321089846247e+01 1.451069169306086692e+01 1.726139552603260352e+00 3.762352617267137878e-01 9.773441383773212587e-01
3.884889781967696365e+01 1.508248354015989889e+01 1.676022320988029390e+00 4.345937827895726135e-01 9.882276080930507689e-01
4.575470946148045215e+01 1.553280588124835582e+01 1.636830337955283543e+00 4.834400317153505489e-01 9.924220761176136829e-01
5.287238767205828083e+01 1.590893668804633343e+01 1.607348534191036293e+00 5.239662882325297755e-01 9.923362186528030815e-01
6.024207697318620092e+01 1.623900794170331352e+01 1.585461497839957934e+00 5.575483624547629136e-01 9.883171037806890435e-01
6.790850217642731934e+01 1.653780279290791455e+01 1.569157309694416913e+00 5.855425918383745376e-01 9.817050222077259303e-01
7.592198181995696871e+01 1.681542013880267206e+01 1.556470849717733529e+00 6.090616515166151768e-01 9.750855320039921725e-01
8.433963952084960169e+01 1.707913399113992980e+01 1.544043731873644187e+00 6.287981267968956178e-01 9.695949664969999438e-01
9.322686145549192815e+01 1.733403733493364030e+01 1.530395094653415722e+00 6.455039159293385342e-01 9.648535556242802125e-01
1.026590578063799057e+02 1.758268203259216023e+01 1.516307003543578613e+00 6.597113127200923133e-01 9.599057878503745034e-01
1.127237961486474234e+02 1.782695999439217971e+01 1.503083909099855342e+00 6.715695442983559138e-01 9.567363687094818658e-01
1.235233836903427260e+02 1.806757835823854208e+01 1.491383825529163598e+00 6.811211766163336456e-01 9.549640682700919481e-01
1.351779793492209762e+02 1.830712063509372456e+01 1.480280198410362624e+00 6.883144522537378851e-01 9.533645830320092163e-01
1.478293084574624743e+02 1.855010359988144586e+01 1.464849765041476903e+00 6.929866575411312013e-01 9.493829323149076682e-01
1.616450182532714734e+02 1.879928701979728345e+01 1.444159104968552265e+00 6.954533864881728977e-01 9.411442302104477964e-01
1.768236249872620078e+02 1.905588515792587856e+01 1.419303415384246536e+00 6.968964295835025080e-01 9.301031763343615699e-01
1.935998165478877411e+02 1.932299646402653792e+01 1.385833028094262565e+00 6.972816843560923905e-01 9.172612475232773122e-01
2.122495079796244113e+02 1.959949294137646092e+01 1.348879196780502721e+00 6.945693624272091249e-01 9.032303166520672111e-01
2.330933737751969090e+02 1.988594034685327472e+01 1.308404152552782751e+00 6.875830325324272518e-01 8.854648446783652815e-01
2.564964216862452986e+02 2.018283885880131123e+01 1.261910793841330314e+00 6.777006499172021359e-01 8.626548714192147083e-01
2.828593425168792237e+02 2.049006330451122437e+01 1.212964460078130191e+00 6.654373746218328334e-01 8.343010789223070933e-01
3.125948639248838958e+02 2.080788672458422539e+01 1.157292417995591016e+00 6.493113789684129555e-01 8.017110255382009498e-01
3.460798314816855168e+02 2.113309910862553664e+01 1.089413788778192504e+00 6.265322619223991918e-01 7.618154499395978219e-01
3.835735589427669652e+02 2.146341556737525735e+01 1.009350480011789397e+00 5.999988123502102422e-01 7.086991003308868997e-01
4.251000677402134329e+02 2.177780846988184038e+01 9.250557425767167441e-01 5.719449049153519926e-01 6.498762279957724930e-01
4.703123793788653870e+02 2.205294493822723467e+01 8.303152844845905767e-01 5.458181983320644637e-01 5.958195290031651492e-01
5.183904319987110512e+02 2.223853612149857639e+01 7.528251102144537521e-01 5.297680979385670508e-01 5.539228949034484817e-01
5.680490191241464117e+02 2.230699895252254450e+01 7.133233264019906983e-01 5.260051363638834632e-01 5.395759329077263189e-01
