0.000000000000000000e+00 8.396519603726365811e-16 1.837333003690068658e-05 0.000000000000000000e+00 1.445387845971866903e-05
5.701986635531498315e+00 5.685661576942782958e+00 1.472609715294483035e+00 6.377422255227768733e-02 5.691797922865473591e-01
1.144689450412552034e+01 9.658834319260193979e+00 2.025368905970671207e+00 1.727612274257628311e-01 8.206870353394360995e-01
1.727885000322805809e+01 1.189642573189571095e+01 2.076946249022037616e+00 2.797514931697847596e-01 9.436148577696163997e-01
2.324445543066720532e+01 1.321848155229916166e+01 1.998135935844742361e+00 3.745691132057298312e-01 1.003200180612406012e+00
2.939419617716020738e+01 1.408725925193275863e+01 1.896878841310365216e+00 4.547943463062614211e-01 1.029363290240892015e+00
3.578406637438940407e+01 1.471418497962748972e+01 1.804871575244578752e+00 5.204501365861028406e-01 1.037748637195898604e+00
4.247751289409468001e+01 1.520494409059160645e+01 1.728226020271801833e+00 5.729043832834456174e-01 1.037119294329537311e+00
4.954782372496548959e+01 1.561621951810637299e+01 1.666222310107128735e+00 6.139134960278044284e-01 1.032128313965409827e+00
5.708112289774844328e+01 1.597716633067330960e+01 1.617930618994017689e+00 6.455227423347495996e-01 1.023236958305322464e+00
6.518018188287921078e+01 1.630760676896857930e+01 1.581557442597419927e+00 6.701625048265072992e-01 1.010235852726315553e+00
7.396931676720581095e+01 1.662132234018267951e+01 1.549643800201867538e+00 6.888338156323381423e-01 9.995622319536007216e-01
8.360070644398648199e+01 1.692817880757484517e+01 1.514453634129191428e+00 7.021107511223041442e-01 9.886828916652961041e-01
9.426252097726984402e+01 1.723644824687140797e+01 1.478364863767191117e+00 7.107521686910971415e-01 9.754885933873375103e-01
1.061892401428172121e+02 1.755334855060417354e+01 1.443295088303678586e+00 7.157009296248685315e-01 9.598087868568129233e-01
1.196743444300366406e+02 1.787950656276775163e+01 1.405059688143239782e+00 7.178849409562789718e-01 9.386279914145442271e-01
1.350848876995549688e+02 1.821562480205670198e+01 1.364763054289609423e+00 7.148354518541234492e-01 9.136339618998627898e-01
1.528757004547505858e+02 1.857005995761452510e+01 1.318383131096532157e+00 7.062193588782770259e-01 8.881961154776412126e-01
1.735969450697717207e+02 1.893880162855258931e+01 1.267901227340734183e+00 6.935115934164423068e-01 8.564640446219471404e-01
1.978805903953521010e+02 1.932509132345280989e+01 1.205017105308490155e+00 6.751507872815086797e-01 8.172994614027354610e-01
2.263776307177193132e+02 1.972207807939865987e+01 1.125268687217276575e+00 6.513708689315967915e-01 7.638710071735050899e-01
2.596028342393640287e+02 2.011230837482096234e+01 1.034466916034687545e+00 6.203305304184761892e-01 7.083590383811460001e-01
2.976511825119566197e+02 2.047896532098842926e+01 9.135688597403690547e-01 5.875760227887985021e-01 6.386389826826849303e-01
3.398330520284101226e+02 2.076153351844989459e+01 7.827057668381481870e-01 5.569838858395714798e-01 5.834135671032268933e-01
3.844559457069424866e+02 2.087064462323998626e+01 7.225198433769871587e-01 5.429486815156480128e-01 5.595697462977166081e-01
