0.000000000000000000e+00 -1.876249849312910529e-15 4.474138892858684856e-06 0.000000000000000000e+00 3.601252712302862270e-06
3.890106829169677649e+00 3.910727498140906810e+00 1.036904916023459799e+00 3.227238708078766782e-02 3.616978791968432638e-01
7.846573232278378995e+00 7.314082790383148236e+00 1.728233254874462999e+00 9.868181817048161941e-02 5.646219293512646509e-01
1.194000936115687850e+01 9.829172351616596970e+00 1.978730510618921468e+00 1.747380302787465423e-01 6.917179638533113017e-01
1.625005699470165155e+01 1.157285285661719598e+01 1.997437849905536966e+00 2.512718821962184323e-01 7.707021374758189491e-01
2.087132961795379771e+01 1.279422113076503464e+01 1.921759990493378201e+00 3.242631368531483371e-01 8.152604387915879380e-01
2.592135535143772884e+01 1.368640920279835349e+01 1.810049091448378444e+00 3.910677596494150365e-01 8.424317818814273107e-01
3.155173454097013774e+01 1.438241952414868763e+01 1.690863082680004847e+00 4.496334441864435760e-01 8.573649594583580003e-01
3.796427801968279425e+01 1.495702892446923293e+01 1.577920040573092875e+00 4.986352424815579387e-01 8.590638462859281343e-01
4.543457925185808222e+01 1.545684961043727057e+01 1.467075149965958669e+00 5.365832337778381200e-01 8.478123483892995305e-01
5.434583363011757484e+01 1.591902133400014385e+01 1.355045932148427612e+00 5.605083388672785771e-01 8.281592178328331944e-01
6.523379695199625417e+01 1.638060510203241549e+01 1.256529892680832150e+00 5.674412193556163109e-01 7.981715768003396771e-01
7.883285879183475231e+01 1.686463900320427101e+01 1.168921897522970044e+00 5.611097406655287667e-01 7.504960786402856687e-01
9.607442710053464907e+01 1.738088729133684041e+01 1.069375832864856379e+00 5.413869788037531938e-01 6.896326345752037401e-01
1.178893647311968920e+02 1.792614728508318223e+01 9.482410661012320441e-01 5.086252739514381949e-01 6.051401535027616241e-01
1.445480960236496060e+02 1.838331516450245573e+01 7.760276089074179540e-01 4.738794620848507111e-01 5.295852367703151042e-01
1.745869506368067334e+02 1.855730196686659994e+01 6.801384862048537316e-01 4.577952074060605558e-01 4.822845665722698127e-01
