0.000000000000000000e+00 5.145835809309323068e-16 4.379527776782430621e-16 0.000000000000000000e+00 4.489125803997909207e-16
6.315233184476649164e+00 6.764806939330891389e+00 1.330874142282792993e+00 4.544577785718575264e-02 4.144034425893298734e-01
1.265713938262755178e+01 1.096543998109930484e+01 1.875907673488407257e+00 9.605134886567452679e-02 6.232022536550436698e-01
1.905281086893026909e+01 1.311157941341604882e+01 1.993000522641001027e+00 1.645365100019252069e-01 7.315647388706284504e-01
2.553019118452850122e+01 1.435340964974297506e+01 1.964927178686904252e+00 2.332504279486758425e-01 7.876990580097673611e-01
3.211853321089846247e+01 1.516343971271417601e+01 1.899597157611017106e+00 2.987590555327037656e-01 8.150588426130545017e-01
3.884889781967696365e+01 1.573608517813187291e+01 1.830860945718933097e+00 3.584445994582277084e-01 8.328475569310281879e-01
4.575470946148045215e+01 1.617757452625959758e+01 1.761575276256438283e+00 4.084611379502142148e-01 8.451241709238171973e-01
5.287238767205828083e+01 1.654224895381200611e+01 1.702643939207781898e+00 4.500393903739096091e-01 8.542739592958497052e-01
6.024207697318620092e+01 1.685846223473464178e+01 1.660109115484043274e+00 4.880191668355337020e-01 8.630601959997286077e-01
6.790850217642731934e+01 1.714600159450500172e+01 1.627127941386074639e+00 5.219025616509789245e-01 8.712722610155776426e-01
7.592198181995696871e+01 1.741693602712096123e+01 1.596470734575888173e+00 5.490580153256591212e-01 8.769620376719288180e-01
8.433963952084960169e+01 1.767295772245602947e+01 1.569793429641234805e+00 5.718002195670874865e-01 8.823766040563654212e-01
9.322686145549192815e+01 1.791986715576505418e+01 1.546109045464232334e+00 5.932049190219468304e-01 8.892267742278840981e-01
1.026590578063799057e+02 1.816709011996273659e+01 1.519022385745727899e+00 6.122428270954477503e-01 8.960742967121142488e-01
1.127237961486474234e+02 1.841637112578125013e+01 1.486273840389679579e+00 6.276349461432733090e-01 9.022951131743388586e-01
1.235233836903427260e+02 1.866633093420239220e+01 1.453785606663560159e+00 6.410607718189911264e-01 9.095361436462423566e-01
1.351779793492209762e+02 1.891777008250815229e+01 1.423635428600645403e+00 6.544563326692548477e-01 9.189973949978996748e-01
1.478293084574624743e+02 1.916872574057822476e+01 1.392710514370988584e+00 6.667576017235095076e-01 9.284154860851764335e-01
1.616450182532714734e+02 1.941658680543459070e+01 1.358386027736084634e+00 6.767680998497829226e-01 9.353052024062078473e-01
1.768236249872620078e+02 1.966553107789000876e+01 1.321529709088504756e+00 6.861739911358653021e-01 9.419060786525846884e-01
1.935998165478877411e+02 1.991550800571948088e+01 1.283825907998787041e+00 6.976585671238635378e-01 9.514738574776024915e-01
2.122495079796244113e+02 2.015198667549157463e+01 1.244289455647816123e+00 7.093173897318395538e-01 9.650047210601743197e-01
2.330933737751969090e+02 2.036859415940480744e+01 1.200958662262653576e+00 7.171786279200313974e-01 9.752699985238141300e-01
2.564964216862452986e+02 2.057895809906155904e+01 1.162076808444622023e+00 7.216179170901158013e-01 9.865224767316552734e-01
2.828593425168792237e+02 2.078343724458251884e+01 1.125701147730230334e+00 7.285011857401961777e-01 1.005495532727968211e+00
3.125948639248838958e+02 2.096609522607525022e+01 1.080800404690714256e+00 7.376464189321648712e-01 1.022227817740183564e+00
3.460798314816855168e+02 2.112457176533721537e+01 1.035047390312485494e+00 7.473311221579226338e-01 1.023933413650996993e+00
3.835735589427669652e+02 2.127762766573766839e+01 1.011296231780459909e+00 7.560934832286267948e-01 1.015007190957145422e+00
4.251000677402134329e+02 2.141948156934424219e+01 1.007133364316163959e+00 7.642372086440605283e-01 1.001301679480379514e+00
4.703123793788653870e+02 2.152415647946308397e+01 9.975917306176225186e-01 7.702124089614014180e-01 9.633595551392261092e-01
5.183904319987110512e+02 2.157878784460128330e+01 9.748883361616241805e-01 7.694941038058227267e-01 9.045582117502701802e-01
5.680490191241464117e+02 2.159298877730789812e+01 9.664511303104392770e-01 7.668466783788966401e-01 8.757546306866956787e-01
