0.000000000000000000e+00 -4.549683004685807012e-16 4.437716420486852913e-16 0.000000000000000000e+00 6.692084708371937829e-16
5.701986635531498315e+00 5.465178385757726964e+00 1.491751028899524378e+00 5.555312332408718357e-02 5.160073385328105555e-01
1.144689450412552034e+01 9.445847422124966641e+00 2.155879009563937743e+00 1.389247000287457401e-01 7.764828455785874883e-01
1.727885000322805809e+01 1.175421400026802310e+01 2.257816269646217844e+00 2.368046727405460350e-01 9.147576336223401938e-01
2.324445543066720532e+01 1.313818132468333566e+01 2.176967401555841786e+00 3.271725294806552831e-01 9.870727159343608559e-01
2.939419617716020738e+01 1.405076094150306787e+01 2.058552950164846074e+00 4.094578788986183993e-01 1.037072925354613595e+00
3.578406637438940407e+01 1.470112608147736388e+01 1.943007435877519118e+00 4.801860334479036707e-01 1.067996533003767734e+00
4.247751289409468001e+01 1.519477559294578484e+01 1.843263718899165626e+00 5.422602349497197549e-01 1.087430335098642287e+00
4.954782372496548959e+01 1.559574043323289594e+01 1.758621519951767187e+00 5.941209581404283124e-01 1.099822528751509765e+00
5.708112289774844328e+01 1.594164798576074915e+01 1.689683963873923389e+00 6.372333583809237645e-01 1.107381600532700627e+00
6.518018188287921078e+01 1.625571487953715888e+01 1.633326606480355991e+00 6.743670210458299064e-01 1.108932945927580516e+00
7.396931676720581095e+01 1.655592621760547090e+01 1.587188408959693486e+00 7.033840862160756213e-01 1.103614378931814466e+00
8.360070644398648199e+01 1.685454552859734889e+01 1.547410136417003867e+00 7.280748190002169773e-01 1.093597649456516052e+00
9.426252097726984402e+01 1.714135054253831925e+01 1.508068107145883463e+00 7.494521455554234990e-01 1.079469593063120181e+00
1.061892401428172121e+02 1.742489991499985180e+01 1.475103967002037830e+00 7.637166572165801082e-01 1.062335260024208861e+00
1.196743444300366406e+02 1.773082604321559330e+01 1.443666763861980451e+00 7.730978605859003538e-01 1.043961626118199648e+00
1.350848876995549688e+02 1.806053875144496601e+01 1.404547189174687238e+00 7.788703504770262409e-01 1.029346539327387955e+00
1.528757004547505858e+02 1.841088286992187051e+01 1.355945068379117657e+00 7.810118241898365010e-01 1.010594240255387799e+00
1.735969450697717207e+02 1.878556935597370625e+01 1.298097002875509443e+00 7.797372097849436523e-01 9.790193168837719728e-01
1.978805903953521010e+02 1.917861188659201588e+01 1.229297852225006205e+00 7.769433259305297268e-01 9.358244031286619968e-01
2.263776307177193132e+02 1.958563295057217957e+01 1.151653644227905948e+00 7.706011684336323553e-01 8.979858372720148640e-01
2.596028342393640287e+02 1.996558896849760600e+01 1.060579783053755110e+00 7.681475347549315824e-01 8.572321497814611169e-01
2.976511825119566197e+02 2.028624382690293970e+01 9.645186975786890216e-01 7.704362141445031398e-01 8.138186765565066372e-01
3.398330520284101226e+02 2.055657371944433365e+01 8.695528434858722511e-01 7.669517676719055377e-01 7.913387887634070195e-01
3.844559457069424866e+02 2.067997065036017901e+01 8.307241196053449794e-01 7.633656971765303556e-01 7.730812525857874151e-01
