0.000000000000000000e+00 -3.645017355645399151e-16 4.267734989749392417e-16 0.000000000000000000e+00 2.445226311926696293e-16
3.890106829169677649e+00 3.947688287111225769e+00 1.051111492222787769e+00 3.587241795776560660e-02 3.500277948015014240e-01
7.846573232278378995e+00 7.404567353271012564e+00 1.770375523757712344e+00 9.327180580907391827e-02 5.518588139451906516e-01
1.194000936115687850e+01 9.933837271991141193e+00 2.026213179908618933e+00 1.660166372894174014e-01 6.818689018503023558e-01
1.625005699470165155e+01 1.165117572478011709e+01 2.021991131354906379e+00 2.410254487521076849e-01 7.661283419564163255e-01
2.087132961795379771e+01 1.284021681326385611e+01 1.927508424019027000e+00 3.161038557142427097e-01 8.213294463618664443e-01
2.592135535143772884e+01 1.371159326481359741e+01 1.812459744847974008e+00 3.877955798432227708e-01 8.570166396501603945e-01
3.155173454097013774e+01 1.439434927685266175e+01 1.699660399646640174e+00 4.503130172790553720e-01 8.786083037502750992e-01
3.796427801968279425e+01 1.496153913925945389e+01 1.593269814391529815e+00 5.021795556676167394e-01 8.879447903091399752e-01
4.543457925185808222e+01 1.546124107169321427e+01 1.496689813691587601e+00 5.423132773705565679e-01 8.812647467500557275e-01
5.434583363011757484e+01 1.594193230271558548e+01 1.405453424397213436e+00 5.684988439892457723e-01 8.612458502199380472e-01
6.523379695199625417e+01 1.643830978404453802e+01 1.321997416105303635e+00 5.837756304473326052e-01 8.271410990839141997e-01
7.883285879183475231e+01 1.694719189733770293e+01 1.249902239422989503e+00 5.885779630753538161e-01 7.909861135617018979e-01
9.607442710053464907e+01 1.746580900711219542e+01 1.147314775359685957e+00 5.861759831257881137e-01 7.443691936013091537e-01
1.178893647311968920e+02 1.798026475418163983e+01 1.003992703298565825e+00 5.781048710769534082e-01 6.906366551686516919e-01
1.445480960236496060e+02 1.837699671283671066e+01 8.606480646124812228e-01 5.683779856700550415e-01 6.239425266171931828e-01
1.745869506368067334e+02 1.852669579936685551e+01 7.919187332221124809e-01 5.655107907083303243e-01 5.814024224844163147e-01
